a=[-9	-9
-9.34	-7.77
-9.66	-6.5
-7.81	-9.81
-8.1	-7.71
-6.57	-9.57
-8.51	-5.45
-9.86	-4.53
-7.78	-4.2
-5.25	-9.6
-7.08	-2.96
-5.77	-8.27
-9.58	-3.13
-4.65	-7.38
-3.3	-8.14
-8.26	-2.49
-5.72	-2.57
-6.25	-4.18
-2.17	-6.95
-6.61	-7.16
-5.86	-5.95
-8.4	-6.56
-6.93	-1.6
-4.49	-3.12
-2.57	-5.69
-1.54	-8.11
-3.96	-4.24
-1.24	-4.51
0.02	-5.29
-4.7	-1.28
-3.91	-9.31
-0.61	-3.13
-0.42	-1.8
0.98	-3.17
-0.21	-7.76
-3.21	-2.87
-2.28	-1.65
-9.74	-2
0.18	-6.55
-3.77	-0.16
1.03	-8.12
-2.79	-4.32
-1.51	-9.38
2.26	-7.49
-5.14	0.2
-6.25	0.02
-0.51	-0.54
-1.29	-5.61
2.79	-6.31
2.27	-4.32
-9.45	-0.76
-7.67	-0.24
3.63	-7.43
-3.97	1.35
0.07	0.84
4.89	-6.47
-7.29	-5.67
4.84	-8.66
-2.72	2.49
3.96	-5.08
6.05	-5.33
-1.13	1.58
6.39	-6.66
-3.93	3.16
-1.78	-0.25
5.27	-3.75
6.67	-7.97
5.66	-9.82
-4.02	-5.5
6.87	-9.2
-5.18	3.46
-8.82	0.97
-6.52	4.61
0.64	2.05
7.87	-6.7
-6.75	3.49
-3.45	-1.76
1.62	-1.88
4.08	-2.68
-9.96	2.06
1.77	-9.34
-7.03	5.96
-7.78	7.08
4.16	-9.94
-7.86	8.4
-3.18	4.48
-8.73	3.26
-9.14	6.91
-5.65	2.24
1.16	-4.88
-0.25	-9.84
-2.34	5.61
-0.75	3.19
1.65	3.16
-2	4
-4.59	4.82
-8.05	4.67
-9.95	0.58
0.93	-0.75
-7.67	2.07
3.13	-1.37
4.38	-1.44
-5.69	5.82
-0.77	4.42
0.7	4.5
7.3	-4.32
-4.69	7.04
8.52	-8.02
1.4	-6.03
-3.56	7.16
1.9	4.57
9.72	-7.33
-2.33	7.53
1.41	0.9
6.13	-2.47
-9.16	9.47
2.16	5.86
0.53	3.38
-9.76	4.52
8.44	-3.6
9.61	-2.57
-0.3	5.83
4.54	-0.15
-2.32	0.98
8.73	-1.44
3.3	5.94
2.98	2.36
2.98	-9.72
-6.6	7.28
9.42	-9.26
-5.57	8.68
9.08	-5.9
3.01	4.24
-2.92	8.92
-2.64	-9.93
-7.45	9.58
4.34	2
2.71	0.68
7.07	-1.2
4.62	6.3
5.66	0.05
8.47	-0.33
-1.55	9.17
5.76	1.44
8.1	-9.88
-4.82	9.95
9.69	0.21
6.12	2.59
7.25	-0.08
5.78	6.18
4.59	4.6
6.96	5.02
-9.59	8.16
9.47	1.34
8.86	2.45
6.99	7.36
8.32	4.01
5.09	7.45
9.9	-4.59
3.45	-8.55
8.36	6.76
8.61	8.08
-0.37	8.91
7.71	2.37
-3.34	-6.88
8.62	9.24
6.23	3.76
9.69	6.78
9.08	5.46
7.43	9.35
-4.02	5.94
1.52	7.24
3.77	7.93
9.67	3.83
-6.26	9.81
1.02	5.84
5.8	-1.35
-6.9	-8.34
-1.22	7.31
0.2	7.37
-4.17	8.32
3.58	-3.92
1.85	8.36
4.78	9.06
1.31	9.67
9.84	8.93
2.62	9.92
7.93	-5.52
6.94	1.22
7.01	6.14
6.14	9.49
4.19	3.31
5.79	4.96
2.39	-3.14
-7.58	0.87
-9.97	5.74
7.32	-3.09
-5.81	-1.2
9.85	-1.06
-1.78	-3.17
-9.98	3.18
-5.13	-4.43
8.08	1.14
-6.71	8.48
9.98	2.49
-8.37	5.78
-6.36	1.14
-8.13	-1.37
1.88	2.06
2.63	7.05
-8.79	2.13
2.43	-0.47
5.34	-7.5];
